5645
16276
36351
60630
15169
20473
16509
24940
24940
7489
13335
63949
14061
197540
14061
198047
35366
12876
16276
16276
14618
197540
131921
58010
7363
12876
7684
14618
24940
7506
24940
16276
34549
200615
16509
12876
24940
16276
14061
2514
63949
200460
7684
197288
16509
7684
7506
62282
9370
7506
31400
62282
197540
12876
7363
7506
7506
45629
25697
9370
34971
9370
7506
63949
15169
14061
20773
24940
13335
7684
22612
12876
24940
7684
2119
16276
20473
16276
2514
16276
7684
2514
19867
22612
17707
14061
16276
47833
24940
None
63949
7922
16509
24282
13213
13335
9370
7684
9371
16509
51167
16276
17511
14061
16276
7684
12876
133380
16276
1653
38895
9370
63949
16276
14061
51167
8075
12083
14618
16276
14361
12876
19867
21042
15598
15169
16276
206564
9370
20115
7684
63949
2514
9370
31042
13335
39122
14061
15169
None
16276
63949
17506
63949
63949
2527
16276
14061
16276
8111
52368
16276
15169
24940
32491
14061
9370
17506
8560
9370
32491
7506
12876
198985
9370
3320
16509
24940
24940
131921
12552
197540
8075
2514
14061
2514
9371
26496
12322
16276
7859
61098
63949
14061
14061
2514
24940
2514
12876
16509
16276
9370
197422
12322
24940
16276
20473
63949
8075
9370
7684
6939
16509
55293
29670
14061
45090
17676
7684
54540
13335
7684
9370
62000
16276
20473
14061
14618
7506
17676
7506
40630
16509
32475
9370
12876
9370
19108
16509
2856
20473
2514
20766
9370
2514
198203
14061
2514
16276
31034
63949
202053
16276
16276
4721
16509
37907
16276
16509
3842
17506
24940
24940
26347
3320
32491
9370
201011
14061
3
9370
16276
16276
16276
14061
16276
63949
24940
19969
13335
9370
2514
16276
37963
2514
13335
7018
15456
13335
2516
24971
30962
47066
16509
13335
24940
35592
20473
16276
16276
2497
24940
16276
2200
7684
16509
2514
12876
24940
47833
20473
14061
19994
16276
60781
17707
15169
14061
20473
16276
9370
24282
16276
2514
2518
20473
9370
7506
577
12876
8075
12876
62282
16154
6830
16276
24940
22612
7018
59105
16509
16276
25560
2514
2514
20473
31400
20473
7684
12876
7363
8560
13335
12876
9371
24806
16509
7506
7684
16276
16276
54489
7684
9370
14061
5410
16509
12876
16276
2514
51167
13768
16276
3320
13335
16509
16509
16509
24940
12876
7922
2514
16509
13335
14361
14061
13335
15169
16276
9370
2514
7506
20473
57169
14061
16276
41495
16509
8075
3842
12876
2856
14618
7506
16276
63949
31103
17362
16276
15169
7684
10013
5384
14061
701
3215
15169
4713
63949
16509
14618
14061
16276
14061
8075
6057
62282
9370
14618
20473
16509
7506
17676
20766
4694
16276
2527
9370
16509
62282
14061
17676
197540
12876
32491
14618
7506
2514
16509
13335
12876
16276
9370
30962
13335
16276
7506
20473
33695
12496
22612
14618
None
14061
14061
14061
16276
55392
14061
53597
16276
11426
17707
20473
53667
51468
16509
22612
16276
9824
14061
12876
1213
13335
2514
48635
12876
9370
16509
9370
63949
10013
197695
12876
63949
7506
17707
12876
2514
13335
16276
16276
14618
7506
14061
20473
63949
4694
16276
7489
63949
9370
26496
16276
7506
7489
2500
56732
24940
3462
16276
16276
7684
14061
16276
13335
11351
16509
13335
14618
9370
15169
2514
9371
4713
4766
14618
13335
9370
12876
14061
2514
16276
12876
12876
14618
9370
9370
63949
12876
16276
2514
200460
6830
9370
24940
7684
24940
16276
16509
12876
4766
16276
2497
16276
16276
63949
9371
63949
12843
789
6939
14061
9370
4589
63949
63949
20473
16276
12876
3215
2514
2514
14061
9370
7684
24940
24940
63949
13335
9370
7922
29691
30962
7684
10318
20473
12876
20473
16276
14061
40395
16276
55391
7684
680
24940
12876
14061
9595
14618
41164
2516
31798
35847
16276
12876
16276
51167
63949
16276
22612
14061
4713
14061
16276
20473
9371
30036
14618
16509
7684
7506
12876
6057
63949
16509
15169
14061
16276
63949
7506
198047
14061
7506
14061
22612
24940
12876
14061
14061
9370
63949
16509
51083
17931
12876
16347
20473
39138
24940
20473
12876
16276
9370
7506
24940
14061
7684
24940
16276
16276
16276
16276
3320
9370
9370
24940
2514
63949
7922
12876
13335
14061
7506
14061
16276
16509
14061
14061
16276
396071
31798
7684
8075
6079
203476
12876
16509
9370
12322
12876
24282
51468
7684
9370
16509
7506
20857
12876
16276
16276
12876
13335
196689
7506
13335
16276
26496
33387
24940
2516
2514
59077
12876
2514
22612
3320
24940
14061
197540
7506
14618
9829
200429
12876
9370
12876
16509
14061
9370
16276
7506
26347
24940
63949
2514
4808
9370
13335
63949
59414
16276
7506
9370
9370
13536
34240
16509
14061
12876
2500
63949
16509
24940
4766
701
20473
16276
14061
14061
3842
16276
12876
4713
26347
9370
7684
20857
7684
6181
12876
16509
16276
63949
27823
1836
3292
12876
12876
14618
63949
4694
60011
24940
22612
1901
197540
12876
21409
9370
21409
7684
10013
9370
14618
6730
22612
42730
13335
44066
7506
9371
11051
24940
3215
6939
16509
20473
7684
12876
2529
14618
63949
2514
47833
16509
16276
13335
12876
7506
3215
26347
25560
15169
7506
7684
13335
20473
22612
12876
12876
20473
8075
2516
15169
14061
24940
8075
12876
16276
6830
15169
16509
6939
4685
4808
15169
16276
2856
12876
24940
12876
20473
8075
16276
16509
9370
24282
7506
14061
22612
16276
16276
39962
15169
3215
7684
16276
16276
34011
12876
9370
14061
8875
16276
24904
24940
12876
16276
7684
13335
16509
13335
47544
13335
15169
44684
7363
63949
16276
2119
16509
7506
16276
14061
15169
15169
14061
8075
2510
2500
20473
46261
16276
16509
22612
16509
17511
63949
2514
20473
31334
25560
6939
8075
63949
14061
8075
12876
16276
3842
3215
47066
17506
12876
63949
9824
14061
12876
12876
2514
9371
34011
24940
13536
19318
20773
9370
26496
16276
14618
12876
12876
12876
20473
2514
13335
6724
9370
7684
32787
58010
13335
14061
24940
4713
9371
2514
16509
16509
7684
47066
16509
63949
16276
6057
9370
62282
9370
50304
63949
63949
12876
62282
14061
None
7506
197540
12876
14061
20473
13335
20857
16509
12843
14618
12876
6939
63949
9370
12876
12876
5607
16509
204092
12876
26464
16276
12876
14618
7684
14061
13335
5089
7506
20473
12876
16276
16276
63949
13335
12876
12876
8075
2514
16276
15169
9371
2514
6939
7363
16276
56478
16509
14061
24940
12876
16509
197540
14061
13335
2514
7684
60781
12876
16509
24940
12876
15169
2514
701
12876
14061
11427
63949
2516
16276
47833
16276
2497
16509
61157
16509
34240
63949
63949
12876
132203
63949
13335
12876
16276
7922
12876
58010
16276
20473
13335
24940
2514
24940
14061
12731
29838
20473
12876
16276
16276
13335
16276
200615
16276
7506
197696
9370
12876
22612
7506
11051
9370
16509
9269
13335
8560
16276
7684
16276
12876
7015
32491
2514
13335
16276
24940
12322
14618
16276
6128
7684
8075
16276
22612
9370
7684
16276
29075
20473
63949
16276
8075
16276
15169
63949
2514
12876
2514
24940
16509
197540
15169
9370
7684
2500
14061
9370
2514
12876
26496
196653
22612
14061
45102
16276
16276
16509
200615
14061
1133
16509
15169
32787
16509
22612
14061
13335
63949
29562
24940
16276
24940
2514
7506
14618
5089
15169
197540
12876
21409
63949
7684
16276
16276
16276
59414
6057
7506
16276
2514
14061
12876
9370
None
2516
24940
9370
8875
12322
24940
24940
16276
10318
63949
16276
9370
13335
63949
34240
16276
16509
7684
24940
2516
31034
31624
24940
15598
17676
9370
7506
16276
14061
2514
51167
13335
12876
24940
16276
12876
16509
14061
7506
24940
7506
22612
16276
63949
14618
8972
2514
2514
15169
16509
16276
7684
9370
15169
12876
16509
7489
9370
7506
63949
9370
24940
7506
9997
7684
16509
12876
2514
7506
13335
63949
24940
7922
13335
63949
9370
2514
9370
4713
16509
7506
32491
16276
9370
9371
7684
9370
20473
15169
2527
63949
63949
63949
14618
24940
14061
12876
16276
16276
202053
7684
7684
58010
2514
7684
16276
15169
49835
2514
7684
63949
13335
14061
32097
7684
14061
14618
20473
51167
63949
2516
197595
17676
3842
22612
9370
197071
58010
16276
35425
16276
20857
3462
16276
7506
18106
6805
197540
63949
51167
12876
29691
16276
47066
63949
24940
16509
16509
16276
12876
13335
7684
60630
15967
200615
16276
7684
31334
17511
20634
12083
24940
7684
2514
50113
14061
16276
16276
15169
31798
15169
16276
16276
7684
16509
6939
8402
7684
21502
15557
15169
9370
12322
7684
16509
12876
16276
16509
24940
9370
14061
12876
9371
12876
12876
16276
13335
4713
7552
7684
63949
24940
7922
12876
8075
20473
7506
14618
13335
13335
22612
12876
58010
62282
13335
16276
2514
7922
2527
14061
12322
16276
16276
12876
7506
20473
16276
16509
16276
16276
2514
60220
16276
9370
32491
30962
16276
16276
24961
12876
24940
4766
9370
6939
16509
2516
22612
43234
16276
16276
21409
8875
63949
24940
40034
16276
20473
7506
24940
16276
16276
2514
16276
13335
16509
63949
24940
31334
12876
7684
63949
20473
63949
38895
7506
7684
16509
14061
63949
16276
2094
14061
16276
14061
14618
11351
15169
17506
15169
9370
16276
26347
2514
14618
16276
2514
2514
9370
9597
2527
26496
14061
16509
12876
63949
8075
6805
16509
9370
2514
16276
31400
2516
47066
9370
12876
6724
16276
14061
12876
7684
16276
16276
20473
20473
16509
63949
35540
16276
58010
24940
16276
197540
31798
7684
4713
9370
16276
14061
12876
15169
7506
6724
20857
38955
24940
20473
16276
2527
20473
9370
14061
16276
9370
3215
24282
9370
12876
14061
12876
16276
16509
209
2514
14061
7506
20857
9371
14618
7506
14061
24282
16276
7684
16276
2516
12322
9370
13335
16276
24940
16276
5410
22612
24282
14061
14061
22612
16509
16276
63949
15169
9370
16276
20473
16509
12876
22612
24940
16276
7922
4694
200460
25560
12083
3842
16276
24611
7684
15169
9370
14061
7506
24940
7506
7506
34240
20473
7684
34011
14061
63949
6939
4694
16276
16591
24940
16509
9370
16509
16509
13335
38895
16276
3215
197540
7684
16509
16276
7506
18450
12876
16509
35425
4713
16276
63949
16276
24940
16509
9370
2514
63949
9370
16276
16276
197540
196689
20766
13335
26347
13335
16276
14061
2514
24940
6939
14061
15169
21409
2514
2514
63949
200533
2514
197753
16509
13335
24940
16276
7684
47833
24282
3842
54113
14061
7349
19969
51167
16276
7684
15169
59105
8075
16509
2497
14618
13335
14618
20473
16276
9370
16276
16509
15557
12322
197540
13335
2514
7506
7684
16276
16276
133159
9370
12322
16276
2200
7506
7684
16276
7684
24611
15169
63949
12322
13335
2856
62000
20886
62000
13335
22612
15169
24806
16276
14061
8075
62282
13335
60011
12876
7489
14061
197540
12876
7922
15169
51167
132203
20712
19969
13335
20115
9370
12876
14061
12876
12876
7506
14061
24940
9503
7506
16276
12876
197540
16276
19530
12876
16276
16276
7506
16276
63949
14061
24940
63949
31624
14061
16276
7506
12876
63949
14618
2514
14061
19969
203432
15169
58010
12876
12876
20473
15169
2514
13335
7506
15598
16509
63949
12322
2514
24940
16509
31798
14061
16276
24940
8075
16276
25560
13335
7506
12876
32475
7506
20473
9370
7684
200995
9370
12876
14061
16276
2514
3
13041
206564
20773
16276
133159
16276
13335
12876
16276
16276
29695
6724
9370
2516
63949
16276
2514
47833
22612
12876
9370
7684
16509
9370
8972
16509
2527
13335
16276
63949
7506
14061
16276
12876
14061
12322
16509
16276
14061
10013
16276
7506
63949
14061
16276
16509
14061
16276
16276
20773
16509
14061
24940
8943
14061
3215
13335
20473
31624
16509
14061
12876
24940
16276
7684
59349
14061
16509
14061
16509
24940
63949
2514
16276
16276
16509
2514
12876
25560
13335
13335
12876
9370
15169
9370
6830
7506
11427
7684
16509
16276
7684
7506
16509
20773
8100
7684
7506
3265
9370
12876
2516
13335
2514
12322
25820
7684
14061
14061
5650
3320
24940
9143
20473
63949
12876
200615
7684
12876
12876
5432
17707
54540
16509
12876
24940
47833
None
13335
3215
16276
3215
7684
12876
7506
16509
16276
7506
9370
2514
63949
16509
63949
15557
7363
32244
2527
4713
25074
19531
12876
14618
24282
28855
16509
14061
7506
16276
12876
14061
2514
7506
7684
13335
14618
16276
24940
49455
394380
32491
24940
14061
13335
12876
18390
63949
4713
9370
16509
7684
25542
16276
9371
3842
15169
12322
28753
20473
16276
7506
17676
680
16509
1653
7506
24940
63949
16276
2514
14618
24940
201080
16509
8075
7506
2514
10013
9370
2514
13335
34240
26496
7684
16276
16509
55391
44875
7684
58010
14061
62282
6939
577
14061
7155
15557
16276
30962
16276
9370
63949
16509
17676
16276
16509
203432
3215
20473
19324
3215
14618
5650
24940
63949
63949
12876
16276
14061
7506
16276
7363
16276
13335
7922
55045
16276
8820
6830
7684
16276
16276
9370
2514
63949
2497
34011
14061
9370
18126
6939
7922
14061
12322
7506
16276
6939
14061
2516
197540
16276
21360
8473
22612
2518
26347
2514
24940
14061
16134
63949
58010
13335
7506
14618
7506
22612
14061
2514
16276
25560
22612
16276
14061
16276
9370
51167
16276
63949
209
13468
17506
63949
7506
16276
63949
2514
7684
7922
60876
14061
24282
7684
16276
20766
15169
47833
13335
16276
16276
2514
50474
197540
9370
24940
2497
20473
9370
14061
6939
7684
7506
7506
200460
58010
12876
14061
14618
204092
16276
63949
12322
16509
1836
16276
12876
197540
2514
9370
31400
63949
9370
6939
9370
63949
8100
9370
197422
49009
20473
7506
6939
7922
6724
14618
12876
24940
35425
34119
7506
12322
20836
60257
5410
9370
14618
16509
30962
12322
16276
9304
12876
14061
9370
22773
12876
58010
7506
12876
16276
26101
13335
13030
7684
12876
63949
15169
30962
2514
16276
15547
16509
31400
14061
22612
14061
13335
20473
15169
7922
7684
2516
29169
25820
40034
16276
8100
3215
20473
24940
14618
24940
14618
12876
12876
16509
14061
16509
12876
20473
12876
14618
7684
14061
63949
53597
7506
6724
14061
14618
7506
12876
15169
9370
14061
2514
16509
12876
132203
13054
13335
16509
14061
9370
20473
15557
14061
13335
24940
16509
51167
7684
24940
17185
12322
13335
7506
9370
21502
7684
16509
24940
13335
7684
16276
15169
15169
34788
9370
63949
2856
14061
14061
12876
12876
2516
7922
7506
9370
22612
8151
24940
14061
16509
53237
22612
16276
7506
63949
13335
17956
9371
203476
3
7506
12179
14061
16276
16509
7506
20473
9371
63949
7506
2514
16276
2514
15169
14061
25560
20115
16509
16509
14061
63949
12876
7506
7506
2514
16276
198985
16276
6939
9371
12876
19867
47066
7506
14061
14061
701
29670
16276
16276
16276
63949
2514
16276
63949
26546
9370
16276
20473
9370
2514
14061
47066
12876
9370
20773
12876
16276
14061
12513
12876
7684
63949
7922
16276
60558
16276
63949
15557
14061
3320
7506
11403
14061
63949
15169
16276
16276
14061
7506
14618
63949
4713
16276
131921
9370
14061
15169
41164
7684
8075
14061
38733
16509
197422
7506
22612
12876
24940
16276
7506
16276
15557
63949
14061
2514
9370
14061
24940
16276
7506
12876
14061
63949
7506
9370
63949
14061
197540
14618
14618
29169
24940
12876
7684
40034
7506
7506
16509
14061
34240
20473
34984
24940
9370
45638
16509
11426
14061
16276
14061
9370
7489
16276
16509
16276
2514
18068
14061
14061
14061
13335
16276
63949
12876
12876
10013
16276
13335
20473
13335
16509
16276
7506
3356
32748
51167
8553
9370
8100
22612
9370
12876
7684
9370
8100
5410
55293
15547
4713
12876
15169
37002
15169
24940
3
8075
16509
20473
4713
16509
2514
29169
7684
12876
15169
16509
4694
14061
60781
26101
36352
12876
16347
197988
3595
14061
24940
393552
16276
16276
14061
26347
10013
16276
14061
61098
7506
4808
31798
14061
20473
197540
12322
14618
51167
9370
54113
201080
7506
12876
24940
63949
7922
16276
7506
16276
12876
2514
5645
12876
47066
16509
13335
8100
6057
9370
7506
24940
7506
13335
15169
24940
8228
12876
16509
9370
24940
22612
22612
15169
4713
9370
12876
197540
20473
23783
2514
7506
201080
12876
13335
13335
7506
13335
33363
2527
2514
16509
8075
13335
4589
16276
2514
7922
8560
15169
22612
8075
200651
22612
16509
24940
22612
7506
15169
24282
2516
7506
None
203476
7684
9370
59349
10255
13335
7684
12876
3320
63949
13335
11426
13335
16276
14618
9370
16509
14618
14618
12876
13335
15169
16276
25820
14061
7684
701
20473
24940
197540
13335
51167
2514
63949
24940
63949
14061
2516
24940
51167
14061
16276
7922
12876
20473
34240
12876
20473
16276
7506
16509
7506
20857
17676
14618
14061
16276
12876
63949
62000
2518
7684
13335
16509
7506
2516
9370
12876
16276
2516
2516
63949
16509
16276
31798
12876
20473
14061
12876
9370
16276
37963
4181
14618
9370
15169
13335
24940
9370
16509
7506
9370
9370
44395
16276
14618
54290
16276
16276
16509
35540
16347
7506
36077
16276
12322
14061
57353
7684
7684
15557
24940
16509
9370
3215
14061
14618
16276
2516
16509
13335
63949
16276
16276
7506
7684
2514
16509
4766
7506
9370
2514
9370
16276
16276
200460
16509
24940
24940
9370
16509
23033
16276
2514
16509
16276
200615
16509
6471
2119
14061
54540
7684
12322
6805
16276
16276
7684
24940
26464
577
24282
200615
3215
16509
19969
15169
41164
7684
16276
12876
16509
852
6939
14618
7922
6057
7506
4713
7684
9370
54540
16509
12876
14061
6724
16276
63949
12876
63949
24940
7506
16509
63949
7684
34549
7506
16276
13335
13335
12876
19969
2514
6724
9370
9370
7506
20880
24940
12876
7506
14061
9370
15169
24940
174
16276
24940
14618
16276
9370
51083
14618
7506
9370
16509
13335
15169
204092
766
14061
7506
16276
16276
11351
1403
15169
15169
2514
63949
8075
16276
14618
6939
14618
7506
25560
16509
9370
20473
33363
16276
7506
7506
7684
50618
7506
16276
24940
16509
201080
7922
12876
20473
12876
14061
7506
24940
12876
7506
20473
33387
16276
22612
22612
2497
16276
15169
7922
47833
24940
24940
16276
16276
2514
16276
12876
7922
12876
33070
12876
60781
24940
7506
24940
16509
2514
6939
12876
7506
12876
22612
10010
12876
24940
12876
8075
12876
9370
209
16276
12876
7506
15557
24940
2514
2527
7506
7684
14618
7506
7684
197540
None
13335
12876
63949
14061
16509
12876
12876
8075
12876
16509
15169
7922
22612
7684
29169
7684
32740
7506
16276
14061
7684
3215
16276
9370
9370
16509
22612
7684
3462
24940
16509
16276
7922
2514
13335
7922
7506
26347
20473
131921
6724
16509
6939
9370
16509
14061
20473
7506
2514
16276
31798
51083
2514
13335
14061
9370
16509
15169
16276
12876
7506
16276
20473
14061
16509
12876
7684
24282
8560
9370
39570
9370
7506
58010
14061
16276
12322
12876
16276
6939
20857
16276
9371
14061
24940
14061
197540
16509
9370
31815
14618
206564
20473
15169
7506
29222
24940
16276
12876
16276
7684
36351
9370
63949
7506
6724
21472
14061
63949
24940
16276
9370
40244
197540
7684
2514
16509
201011
4721
20473
8972
32787
16509
12876
31229
12876
16276
29169
16509
14618
57024
54825
None
24940
10013
9370
24940
7506
14061
14061
6939
17506
12876
14061
3320
12876
15169
8283
20473
7506
22612
32097
24940
7506
14618
16509
13285
16276
7684
23175
20473
6939
47833
36352
9371
14618
25560
2514
12876
12876
200460
680
8075
7018
63949
197540
16276
9790
58010
13335
34971
22612
51167
9370
50620
12876
24282
2856
63949
16276
63949
63949
2514
13335
12876
7506
4804
16509
29838
31798
16276
2514
16509
14618
20473
16276
12876
62000
6724
16276
16509
16276
4713
62282
2497
16509
7018
7506
12876
8075
62000
2514
13335
16509
13335
6724
8075
14061
16509
13335
16509
12876
7506
16276
9370
24940
197540
24940
51167
8075
2514
197922
29141
7506
14061
16276
16509
15169
9370
16509
20473
7684
63949
17511
16276
16276
22612
16509
7506
42730
4694
14061
44925
16276
63949
61157
12876
15169
26496
16509
2514
14618
36352
14061
7506
14061
9370
7684
13335
9370
30962
17707
14061
3842
16276
7663
14618
16276
198203
16276
17707
16509
20860
38700
63949
26496
16509
197595
14061
16276
2514
2514
2514
47833
20473
13335
7684
2514
30962
14061
16276
14061
2856
26496
63949
29124
20473
16276
14061
12876
9370
14061
3842
2514
12876
15169
13335
14061
24940
36352
2514
20473
20473
16276
12876
12876
16276
39729
22612
16509
16276
7506
2514
20473
12876
51167
7684
14061
13335
12876
20473
16509
14061
31624
14061
30962
24226
8708
201080
24940
20773
34011
51167
14061
51167
20473
16276
28855
9370
62000
9371
14618
6939
8972
3215
16276
14061
14061
17072
2516
12876
16276
14618
4685
203432
14061
63949
8075
20473
14061
13335
24940
16276
13335
12876
9370
16276
9370
16276
16276
12876
15169
15169
34240
12876
14061
28715
16276
12876
20473
16276
25795
15169
14061
12322
4685
12876
12876
20473
16276
63949
51083
9370
24940
9371
14061
44581
200460
13335
2514
14061
7506
34788
7684
63949
16276
6939
395518
15582
14061
20473
16276
16276
24282
9370
12876
51167
16276
14061
20473
204003
196689
9370
3842
16276
16509
12876
15169
9370
16276
131921
62282
13335
9370
14061
7684
2514
203432
2514
7684
197540
203432
7506
4739
2514
17707
7922
22612
51167
7506
18126
2514
20473
20473
14061
7506
16276
15169
2519
6364
2516
12876
20473
2514
12876
22612
203476
12876
16276
205727
6724
13335
16509
16276
8560
12322
12876
16276
16276
16276
63949
9370
7511
7506
16276
16276
16509
24940
14618
9370
20857
3301
13335
7363
197540
30962
4713
14061
16276
13335
24940
20473
7506
16276
15169
20473
20473
24940
17506
40676
7684
16509
15169
7506
7684
7506
7506
12876
50503
20473
14061
135386
51083
20634
None
4739
9370
9370
7506
7506
14061
16276
13335
7506
8560
7684
12876
14061
17676
24940
14618
16509
58010
